zero_init	train_size	num_iters	accuracy	sparsity_0	sparsity_1	sparsity_2
True	100	2000	0.629	0.987	0.998	0.875
True	100	20000	0.724	0.98	0.996	0.88
False	100	20000	0.752	0.788	0.783	0.012
True	100	20000	0.700	0.989	0.99	0.02
True	100	20000	0.689	0.989	0.999	0.901
True	100	2000	0.693	0.982	0.997	0.84
True	100	2000	0.644	0.98	0.994	0.622
True	100	2000	0.695	0.989	0.998	0.888
True	100	20000	0.668	0.988	0.998	0.912
True	100	20000	0.689	0.992	0.999	0.89
True	100	20000	0.670	0.99	0.999	0.924
True	100	20000	0.688	0.986	0.998	0.915
True	100	20000	0.678	0.99	0.999	0.927
True	100	20000	0.700	0.992	0.999	0.923
False	100	20000	0.711	0.759	0.752	0.011
True	100	20000	0.718	0.991	0.998	0.919
False	100	20000	0.733	0.767	0.758	0.004
False	100	20000	0.738	0.761	0.756	0.0
True	100	20000	0.733	0.987	0.997	0.864
False	100	20000	0.699	0.751	0.747	0.0
False	100	20000	0.718	0.774	0.769	0.018
False	100	20000	0.760	0.81	0.807	0.011
True	100	20000	0.592	0.992	0.999	0.944
False	100	20000	0.719	0.807	0.805	0.008
False	100	20000	0.724	0.812	0.804	0.001
True	100	20000	0.672	0.992	0.999	0.956
False	100	20000	0.699	0.763	0.759	0.004
False	100	20000	0.722	0.784	0.783	0.023
True	100	20000	0.645	0.99	0.999	0.956
False	100	20000	0.738	0.797	0.792	0.0
False	100	20000	0.711	0.776	0.775	0.009
True	100	20000	0.696	0.993	0.999	0.928
False	100	20000	0.703	0.807	0.804	0.024
False	100	20000	0.730	0.776	0.772	0.009
True	100	20000	0.711	0.991	0.999	0.94
False	100	20000	0.705	0.784	0.775	0.008
False	100	20000	0.731	0.76	0.754	0.003
True	100	20000	0.714	0.992	0.999	0.922
False	100	20000	0.742	0.785	0.777	0.0
False	100	20000	0.721	0.806	0.799	0.005
True	100	20000	0.713	0.991	0.999	0.924
False	100	20000	0.709	0.753	0.745	0.004
False	100	20000	0.718	0.791	0.79	0.016
True	100	20000	0.660	0.99	0.999	0.928
False	100	20000	0.726	0.822	0.819	0.019
False	100	20000	0.709	0.803	0.797	0.006
True	100	20000	0.687	0.991	0.999	0.926
False	100	20000	0.705	0.793	0.788	0.004
False	100	20000	0.692	0.803	0.793	0.004
True	100	20000	0.644	0.991	0.999	0.94
False	100	20000	0.712	0.778	0.772	0.001
False	100	20000	0.727	0.788	0.784	0.011
True	100	20000	0.676	0.99	0.999	0.956
False	100	20000	0.745	0.767	0.757	0.0
True	100	20000	0.680	0.992	0.999	0.935
False	100	20000	0.749	0.822	0.816	0.007
False	100	20000	0.695	0.773	0.771	0.011
True	100	20000	0.669	0.986	0.999	0.942
False	100	20000	0.718	0.748	0.747	0.014
False	100	20000	0.698	0.79	0.784	0.016
True	100	20000	0.702	0.991	0.999	0.944
False	100	20000	0.726	0.789	0.782	0.003
False	100	20000	0.725	0.753	0.744	0.004
True	100	20000	0.714	0.99	0.999	0.92
False	100	20000	0.746	0.746	0.736	0.011
False	100	20000	0.731	0.812	0.806	0.0
True	100	20000	0.674	0.992	0.996	0.522
False	100	20000	0.710	0.767	0.758	0.004
False	100	20000	0.758	0.762	0.757	0.008
True	100	20000	0.724	0.99	0.999	0.948
False	100	20000	0.746	0.778	0.769	0.001
False	100	20000	0.708	0.804	0.8	0.014
True	100	20000	0.685	0.991	0.999	0.908
False	100	20000	0.696	0.816	0.808	0.0
False	100	20000	0.650	0.802	0.794	0.002
True	100	20000	0.661	0.992	0.999	0.916
False	100	20000	0.696	0.75	0.744	0.004
True	100	20000	0.657	0.994	0.999	0.916
False	100	20000	0.689	0.772	0.766	0.001
False	100	20000	0.709	0.804	0.795	0.017
True	100	20000	0.697	0.99	0.999	0.94
False	100	20000	0.707	0.833	0.83	0.007
False	100	20000	0.720	0.832	0.829	0.014
True	100	20000	0.659	0.992	0.999	0.918
False	100	20000	0.749	0.789	0.782	0.009
False	100	20000	0.647	0.807	0.8	0.01
True	100	20000	0.643	0.99	0.999	0.928
False	100	20000	0.711	0.772	0.758	0.0
False	100	20000	0.705	0.79	0.788	0.004
True	100	20000	0.715	0.987	0.998	0.859
False	100	20000	0.686	0.828	0.826	0.018
False	100	20000	0.712	0.825	0.814	0.0
True	100	20000	0.698	0.99	0.999	0.94
False	100	20000	0.700	0.78	0.778	0.03
False	100	20000	0.731	0.768	0.765	0.002
True	100	20000	0.656	0.989	0.999	0.952
False	100	20000	0.740	0.773	0.767	0.006
True	100	20000	0.644	0.992	0.999	0.931
False	100	20000	0.704	0.758	0.75	0.004
False	100	20000	0.749	0.805	0.796	0.024
True	100	20000	0.690	0.985	0.998	0.92
False	100	20000	0.674	0.792	0.78	0.017
False	100	20000	0.699	0.794	0.79	0.004
True	100	20000	0.695	0.991	0.999	0.924
False	100	20000	0.727	0.817	0.809	0.016
False	100	20000	0.678	0.792	0.785	0.0
True	100	20000	0.675	0.993	0.999	0.924
False	100	20000	0.692	0.757	0.755	0.007
False	100	20000	0.694	0.794	0.786	0.002
True	100	20000	0.629	0.99	0.995	0.436
False	100	20000	0.736	0.775	0.772	0.008
False	100	20000	0.726	0.794	0.787	0.002
True	100	20000	0.664	0.99	0.999	0.933
False	100	20000	0.706	0.824	0.817	0.002
False	100	20000	0.683	0.809	0.803	0.004
True	100	20000	0.704	0.99	0.999	0.931
False	100	20000	0.721	0.811	0.81	0.018
False	100	20000	0.725	0.794	0.785	0.008
True	100	20000	0.636	0.994	0.999	0.931
False	100	20000	0.740	0.782	0.779	0.017
False	100	20000	0.715	0.79	0.785	0.014
True	100	20000	0.677	0.988	0.998	0.813
False	100	20000	0.744	0.823	0.817	0.004
False	100	20000	0.708	0.785	0.777	0.003
True	100	20000	0.642	0.992	0.999	0.92
False	100	20000	0.684	0.789	0.781	0.0
False	100	20000	0.731	0.772	0.765	0.006
True	100	20000	0.731	0.985	0.999	0.943
False	100	20000	0.721	0.777	0.77	0.001
True	100	20000	0.633	0.991	0.999	0.94
False	100	20000	0.670	0.788	0.784	0.009
False	100	20000	0.735	0.758	0.749	0.0
True	100	20000	0.688	0.99	0.999	0.929
False	100	20000	0.722	0.759	0.752	0.005
False	100	20000	0.706	0.776	0.769	0.004
True	100	20000	0.675	0.99	0.999	0.936
False	100	20000	0.727	0.774	0.769	0.0
False	100	20000	0.748	0.762	0.754	0.004
True	100	20000	0.575	0.991	0.999	0.94
False	100	20000	0.711	0.755	0.746	0.012
False	100	20000	0.691	0.814	0.812	0.018
True	100	20000	0.664	0.988	0.997	0.562
False	100	20000	0.718	0.791	0.787	0.001
False	100	20000	0.682	0.787	0.783	0.005
True	100	20000	0.680	0.991	0.999	0.944
False	100	20000	0.685	0.779	0.774	0.003
True	100	20000	0.710	0.99	0.999	0.936
False	100	20000	0.733	0.816	0.815	0.009
False	100	20000	0.726	0.768	0.763	0.039
True	100	20000	0.648	0.992	0.998	0.737
False	100	20000	0.710	0.806	0.802	0.008
False	100	20000	0.727	0.793	0.787	0.002
True	100	20000	0.732	0.992	0.999	0.924
False	100	20000	0.719	0.804	0.798	0.006
False	100	20000	0.725	0.809	0.802	0.008
True	100	20000	0.664	0.993	0.999	0.928
False	100	20000	0.756	0.74	0.724	0.004
False	100	20000	0.734	0.811	0.815	0.033
True	100	20000	0.633	0.994	0.999	0.931
False	100	20000	0.670	0.837	0.829	0.004
False	100	20000	0.640	0.808	0.807	0.009
True	100	20000	0.674	0.991	0.999	0.92
False	100	20000	0.732	0.797	0.794	0.034
False	100	20000	0.712	0.826	0.822	0.014
True	100	20000	0.649	0.99	0.999	0.922
False	100	20000	0.733	0.755	0.747	0.0
True	100	20000	0.685	0.988	0.999	0.934
True	100	20000	0.670	0.991	0.999	0.918
True	100	20000	0.689	0.992	0.999	0.916
True	100	20000	0.735	0.99	0.999	0.921
True	100	20000	0.713	0.992	0.999	0.936
True	100	20000	0.688	0.991	0.999	0.931
True	100	20000	0.722	0.99	0.999	0.931
True	100	20000	0.686	0.99	0.995	0.492
True	100	20000	0.723	0.992	0.999	0.938
True	100	20000	0.679	0.99	0.999	0.94
True	100	20000	0.651	0.992	0.999	0.928
True	100	20000	0.677	0.988	0.999	0.921
True	100	20000	0.694	0.991	0.999	0.933
True	100	20000	0.701	0.991	0.999	0.916
True	100	20000	0.711	0.99	0.999	0.924
True	100	20000	0.671	0.988	0.999	0.927
True	100	20000	0.730	0.992	0.999	0.94
True	100	20000	0.722	0.99	0.999	0.92
True	100	20000	0.726	0.989	0.999	0.936
True	100	20000	0.683	0.992	0.999	0.931
True	100	20000	0.631	0.989	0.999	0.926
True	100	20000	0.637	0.99	0.999	0.918
True	100	20000	0.664	0.992	0.999	0.926
True	100	20000	0.689	0.99	0.999	0.948
True	100	20000	0.683	0.992	0.999	0.931
True	100	20000	0.710	0.989	0.998	0.886
True	100	20000	0.671	0.992	0.999	0.936
True	100	20000	0.652	0.992	0.998	0.718
True	100	20000	0.688	0.992	0.999	0.908
True	100	20000	0.686	0.992	0.999	0.92
True	100	20000	0.672	0.991	0.999	0.94
True	100	20000	0.717	0.989	0.999	0.939
True	100	20000	0.675	0.988	0.998	0.743
True	100	20000	0.669	0.992	0.999	0.931
True	100	20000	0.702	0.989	0.999	0.936
True	100	20000	0.683	0.988	0.999	0.933
True	100	20000	0.687	0.987	0.999	0.944
True	100	20000	0.673	0.991	0.999	0.916
True	100	20000	0.651	0.991	0.999	0.944
True	100	20000	0.673	0.99	0.999	0.906
True	100	20000	0.675	0.99	0.999	0.924
True	100	20000	0.703	0.99	0.999	0.917
True	100	20000	0.679	0.986	0.999	0.944
True	100	20000	0.641	0.991	0.999	0.909
True	100	20000	0.706	0.991	0.999	0.903
True	100	20000	0.715	0.991	0.999	0.935
True	100	20000	0.741	0.991	0.999	0.92
True	100	20000	0.686	0.992	0.999	0.935
True	100	20000	0.661	0.991	0.999	0.936
True	100	20000	0.693	0.99	0.999	0.93
True	100	20000	0.653	0.992	0.999	0.938
True	100	20000	0.715	0.989	0.998	0.931
True	100	20000	0.664	0.992	0.999	0.928
True	100	20000	0.667	0.992	0.999	0.94
True	100	2000	0.685	0.976	0.996	0.845
True	100	2000	0.703	0.979	0.995	0.816
True	100	20000	0.687	0.971	0.994	0.824
True	100	20000	0.675	0.976	0.997	0.879
True	100	20000	0.668	0.974	0.996	0.855
True	100	20000	0.647	0.978	0.997	0.873
True	100	20000	0.666	0.98	0.998	0.906
True	100	2000	0.664	0.974	0.997	0.907
True	100	2000	0.557	0.972	0.997	0.89
True	100	2000	0.546	0.982	0.998	0.929
True	100	2000	0.279	0.994	0.999	0.976
True	100	2000	0.423	0.994	0.999	0.976
True	100	5000	0.387	0.992	0.999	0.968
True	100	5000	0.098	1.0	1.0	1.0
True	100	25000	0.643	0.984	0.999	0.937
True	100	8000	0.104	1.0	1.0	1.0
True	100	8000	0.577	0.986	0.999	0.945
True	100	8000	0.555	0.99	0.999	0.945
True	100	12000	0.674	0.982	0.998	0.929
True	100	12000	0.612	0.986	0.999	0.937
True	100	12000	0.609	0.99	0.999	0.945
True	100	12000	0.638	0.977	0.997	0.878
True	100	12000	0.679	0.971	0.996	0.882
True	100	12000	0.710	0.98	0.997	0.867
True	100	12000	0.704	0.976	0.997	0.898
True	100	2000	0.622	0.982	0.997	0.855
True	100	2000	0.619	0.981	0.996	0.851
True	100	10000	0.664	0.984	0.998	0.875
True	100	10000	0.699	0.771	0.863	0.289
True	100	10000	0.673	0.798	0.84	0.104
True	100	10000	0.649	0.722	0.801	0.105
True	100	10000	0.646	0.982	0.997	0.867
True	100	10000	0.671	0.97	0.996	0.906
True	100	10000	0.708	0.974	0.997	0.886
True	100	10000	0.618	0.882	0.933	0.397
True	100	10000	0.677	0.787	0.855	0.105
True	100	10000	0.674	0.98	0.996	0.889
False	100	10000	0.726	0.506	0.489	0.002
False	100	10000	0.702	0.512	0.504	0.021
False	100	10000	0.681	0.509	0.479	0.007
True	100	10000	0.689	0.974	0.997	0.883
False	100	10000	0.761	0.0	0.0	0.0
False	100	10000	0.748	0.0	0.0	0.0
False	100	10000	0.724	0.0	0.0	0.0
False	100	10000	0.743	0.0	0.0	0.0
False	64	10000	0.668	0.0	0.0	0.0
False	64	10000	0.647	0.0	0.0	0.001
True	64	10000	0.581	0.73	0.756	0.046
True	64	10000	0.622	0.984	0.997	0.89
True	64	10000	0.591	0.863	0.923	0.305
False	64	10000	0.659	0.0	0.0	0.0
True	64	10000	0.547	0.746	0.809	0.25
False	64	10000	0.304	0.0	0.0	0.0
False	64	10000	0.384	0.0	0.001	0.0
True	64	10000	0.462	0.75	0.84	0.359
True	64	10000	0.568	0.711	0.817	0.482
True	100	10000	0.100	0.686	0.788	0.373
True	100	10000	0.112	0.712	0.796	0.289
True	100	10000	0.640	0.74	0.815	0.401
False	100	10000	0.706	0.028	0.309	0.003
False	100	10000	0.528	0.0	0.0	0.0
False	100	10000	0.722	0.029	0.24	0.001
True	100	10000	0.637	0.725	0.792	0.343
True	100	10000	0.690	0.967	0.995	0.874
True	100	10000	0.650	0.753	0.801	0.31
True	100	10000	0.465	0.679	0.771	0.289
False	100	10000	0.604	0.0	0.0	0.0
False	100	10000	0.634	0.0	0.0	0.0
False	100	10000	0.591	0.0	0.0	0.0
True	100	10000	0.421	0.664	0.706	0.125
True	100	10000	0.410	0.671	0.677	0.015
True	100	10000	0.689	0.97	0.997	0.921
True	10000	10000	0.948	0.905	0.941	0.217
True	10000	100000	0.956	0.943	0.984	0.726
False	10000	100000	0.969	0.0	0.0	0.0
False	10000	100000	0.967	0.0	0.0	0.0
False	10000	100000	0.969	0.0	0.0	0.0
True	10000	100000	0.958	0.002	0.011	0.007
True	10000	50000	0.950	0.93	0.958	0.291
True	100	10000	0.591	0.757	0.823	0.188
True	100	10000	0.685	0.976	0.997	0.914
True	100	10000	0.706	0.984	0.998	0.879
True	100	10000	0.653	0.969	0.996	0.891
True	100	10000	0.614	0.97	0.996	0.89
False	100	10000	0.767	0.0	0.0	0.0
False	100	10000	0.731	0.0	0.0	0.0
False	100	2000	0.716	0.0	0.0	0.0
False	100	2000	0.739	0.0	0.0	0.0
False	100	2000	0.765	0.0	0.0	0.0
False	100	2000	0.743	0.0	0.0	0.0
False	100	2000	0.720	0.0	0.0	0.0
False	100	2000	0.735	0.0	0.0	0.0
False	100	2000	0.743	0.0	0.0	0.0
False	100	2000	0.730	0.0	0.0	0.0
False	100	2000	0.754	0.0	0.0	0.0
False	100	2000	0.752	0.0	0.0	0.0
False	100	2000	0.741	0.0	0.0	0.0
False	100	2000	0.111	0.0	0.0	0.0
False	100	2000	0.757	0.0	0.0	0.0
False	100	2000	0.686	0.0	0.0	0.0
False	100	2000	0.712	0.0	0.0	0.0
False	100	2000	0.748	0.0	0.0	0.0
False	100	2000	0.709	0.0	0.0	0.0
False	100	2000	0.761	0.0	0.0	0.0
False	100	2000	0.753	0.0	0.0	0.0
False	100	2000	0.753	0.0	0.0	0.0
False	100	2000	0.721	0.0	0.0	0.001
False	100	1000	0.084	0.0	0.0	0.0
False	100	1000	0.749	0.0	0.0	0.0
False	100	1000	0.759	0.0	0.0	0.0
False	100	1000	0.747	0.0	0.0	0.0
False	100	1000	0.734	0.0	0.0	0.0
False	100	1000	0.763	0.0	0.0	0.0
False	100	1000	0.745	0.0	0.0	0.0
False	100	1000	0.759	0.0	0.0	0.0
False	100	1000	0.765	0.0	0.0	0.0
False	100	1000	0.730	0.0	0.0	0.0
False	100	1000	0.116	0.0	0.0	0.0
False	100	1000	0.743	0.035	0.01	0.0
False	100	1000	0.717	0.008	0.003	0.0
False	100	1000	0.754	0.037	0.019	0.0
False	100	1000	0.747	0.119	0.098	0.0
False	100	1000	0.730	0.097	0.081	0.0
False	100	1000	0.701	0.023	0.018	0.0
False	100	1000	0.752	0.136	0.12	0.0
False	100	1000	0.756	0.017	0.005	0.0
False	100	1000	0.671	0.111	0.097	0.0
False	100	1000	0.064	0.0	0.0	0.0
False	100	1000	0.539	0.0	0.0	0.0
False	100	1000	0.767	0.006	0.002	0.0
False	100	1000	0.731	0.064	0.044	0.0
False	100	1000	0.754	0.005	0.001	0.0
False	100	1000	0.714	0.112	0.067	0.0
False	100	1000	0.694	0.098	0.087	0.0
False	100	1000	0.712	0.165	0.154	0.0
False	100	1000	0.742	0.082	0.055	0.0
False	100	1000	0.703	0.107	0.092	0.0
False	100	1000	0.141	0.0	0.0	0.0
False	100	1000	0.765	0.0	0.0	0.0
False	100	1000	0.745	0.0	0.0	0.0
False	100	1000	0.734	0.0	0.0	0.0
False	100	1000	0.732	0.0	0.0	0.0
False	100	1000	0.726	0.0	0.0	0.0
False	100	1000	0.721	0.0	0.0	0.0
False	100	1000	0.777	0.0	0.0	0.0
False	100	1000	0.741	0.0	0.0	0.0
False	100	1000	0.734	0.0	0.0	0.0
True	100	1000	0.099	1.0	1.0	1.0
True	100	1000	0.097	1.0	1.0	0.984
True	100	1000	0.154	0.996	0.999	0.976
True	100	1000	0.201	0.998	0.999	0.968
True	100	1000	0.497	0.982	0.999	0.945
True	100	1000	0.207	0.996	0.999	0.953
True	100	1000	0.321	0.98	0.999	0.976
True	100	1000	0.602	0.976	0.998	0.937
True	100	1000	0.597	0.988	0.998	0.859
True	100	1000	0.637	0.968	0.996	0.882
True	100	2000	0.099	1.0	1.0	1.0
True	100	2000	0.100	0.996	0.999	0.968
True	100	2000	0.346	0.99	0.999	0.96
True	100	2000	0.563	0.99	0.999	0.906
True	100	2000	0.629	0.974	0.997	0.882
True	100	2000	0.542	0.973	0.997	0.906
True	100	2000	0.616	0.976	0.997	0.898
True	100	2000	0.588	0.965	0.996	0.902
True	100	2000	0.673	0.98	0.996	0.808
True	100	2000	0.681	0.97	0.997	0.896
True	100	2000	0.099	1.0	1.0	1.0
True	100	2000	0.172	0.996	0.999	0.96
True	100	2000	0.405	0.982	0.999	0.96
True	100	2000	0.627	0.976	0.997	0.914
True	100	2000	0.616	0.966	0.996	0.906
True	100	2000	0.605	0.97	0.995	0.843
True	100	2000	0.655	0.97	0.995	0.862
True	100	2000	0.636	0.98	0.995	0.784
True	100	2000	0.616	0.972	0.995	0.823
True	100	2000	0.592	0.976	0.996	0.835
True	100	20000	0.099	1.0	1.0	1.0
True	100	20000	0.642	0.979	0.997	0.898
True	100	20000	0.651	0.978	0.997	0.882
True	100	20000	0.662	0.979	0.998	0.914
True	100	20000	0.659	0.982	0.997	0.881
True	100	20000	0.720	0.975	0.997	0.897
True	100	20000	0.613	0.975	0.996	0.881
True	100	20000	0.663	0.98	0.998	0.906
True	100	20000	0.642	0.983	0.997	0.89
True	100	20000	0.652	0.982	0.996	0.835
False	100	20000	0.186	0.0	0.0	0.0
False	100	20000	0.750	0.0	0.0	0.0
False	100	20000	0.732	0.0	0.0	0.0
False	100	20000	0.675	0.0	0.0	0.0
False	100	20000	0.733	0.0	0.0	0.0
False	100	20000	0.704	0.0	0.0	0.0
False	100	20000	0.719	0.0	0.0	0.0
False	100	20000	0.772	0.0	0.0	0.0
False	100	20000	0.741	0.0	0.0	0.0
False	100	20000	0.778	0.0	0.0	0.0
False	100	20000	0.103	0.0	0.0	0.0
False	100	20000	0.722	0.0	0.0	0.0
False	100	20000	0.711	0.0	0.0	0.0
False	100	20000	0.097	0.0	0.0	0.0
False	100	20000	0.740	0.0	0.0	0.0
False	100	20000	0.732	0.0	0.0	0.0
False	100	20000	0.739	0.0	0.0	0.0
False	100	20000	0.704	0.0	0.0	0.0
False	100	20000	0.732	0.0	0.0	0.0
False	100	20000	0.711	0.0	0.0	0.0
False	100	20000	0.757	0.0	0.0	0.0
False	100	20000	0.741	0.0	0.0	0.0
False	100	20000	0.730	0.0	0.0	0.0
False	100	20000	0.052	0.0	0.0	0.0
False	100	20000	0.725	0.0	0.0	0.0
False	100	20000	0.797	0.0	0.0	0.0
False	100	20000	0.778	0.0	0.0	0.0
False	100	20000	0.734	0.0	0.0	0.0
False	100	20000	0.760	0.0	0.0	0.0
False	100	20000	0.727	0.0	0.0	0.0
False	100	20000	0.753	0.0	0.0	0.0
False	100	20000	0.752	0.0	0.0	0.0
False	100	20000	0.726	0.0	0.0	0.0
False	100	20000	0.114	0.0	0.0	0.0
False	100	20000	0.101	0.0	0.0	0.0
False	100	20000	0.084	0.0	0.0	0.0
False	100	20000	0.746	0.0	0.0	0.0
False	100	20000	0.699	0.0	0.0	0.0
False	100	20000	0.772	0.0	0.0	0.0
False	100	20000	0.775	0.0	0.0	0.0
False	100	20000	0.722	0.0	0.0	0.0
False	100	20000	0.731	0.0	0.0	0.0
False	100	20000	0.742	0.0	0.0	0.0
False	100	20000	0.734	0.0	0.0	0.0
False	100	20000	0.744	0.0	0.0	0.0
False	100	20000	0.104	0.0	0.0	0.0
False	100	20000	0.721	0.0	0.0	0.0
False	100	20000	0.715	0.0	0.0	0.0
False	100	20000	0.700	0.0	0.0	0.0
False	100	20000	0.730	0.0	0.0	0.0
False	100	20000	0.741	0.0	0.0	0.0
False	100	20000	0.747	0.0	0.0	0.0
False	100	20000	0.739	0.0	0.0	0.0
False	100	20000	0.714	0.0	0.0	0.0
False	100	20000	0.708	0.0	0.0	0.0
False	100	100000	0.071	0.0	0.0	0.0
False	100	100000	0.750	0.0	0.0	0.0
False	100	100000	0.716	0.0	0.0	0.0
False	100	100000	0.120	0.0	0.0	0.0
False	100	100000	0.697	0.0	0.0	0.0
False	100	100000	0.732	0.0	0.0	0.0
False	100	100000	0.670	0.0	0.001	0.0
False	100	100000	0.720	0.002	0.002	0.0
False	100	100000	0.668	0.007	0.009	0.001
